test.BallonFactory	1	1f2t8t	1	22.0	18.0	2378	2518
test.BallonFactory	1	1f2f8f	2	22.0	20.0	2502	2518
test.BallonFactory	1	1f2f8t	3	22.0	20.0001	2502	2518
test.BallonFactory	1	1t2t8t	4	22.0	20.000198	2518	2518
test.BallonFactory	1	1t2f8t	5	22.0	20.000298	2518	2518
test.BallonFactory	1	1f2t8f	6	22.0	21.0	2518	2518
test.BallonFactory	1	1t2t8f	7	22.0	21.0001	2518	2518
test.BallonFactory	1	1t2f8f	8	22.0	22.0	2518	2518
test.BallonFactory	2	1f2f	1	8.0	4.5	232	1238
test.BallonFactory	2	1t3t5f6f	2	8.0	5.5	674	1238
test.BallonFactory	2	1f2t3t5f6f	3	8.0	6.0	694	1238
test.BallonFactory	2	1t3f4t5f6t	4	8.0	6.5	1124	1238
test.BallonFactory	2	1t3f4f	5	8.0	6.5001	1216	1238
test.BallonFactory	2	1t3f4t5f6f	6	8.0	6.5002003	1220	1238
test.BallonFactory	2	1f2t3t5f6t	7	8.0	7.0	1232	1238
test.BallonFactory	2	1t3t5t	8	8.0	7.0001	1232	1238
test.BallonFactory	2	1f2t3f4t5f6t	9	8.0	7.5	1234	1238
test.BallonFactory	2	1t3t5f6t	10	8.0	7.5001	1234	1238
test.BallonFactory	2	1f2t3f4f	11	8.0	7.5002003	1238	1238
test.BallonFactory	2	1f2t3f4t5f6f	12	8.0	8.0	1238	1238
test.BallonFactory	2	1f2t3f4t5t	13	8.0	8.5	1238	1238
test.BallonFactory	2	1f2t3t5t	14	8.0	9.0	1238	1238
test.BallonFactory	2	1t3f4t5t	15	8.0	9.5	1238	1238
test.BallonFactory	6	1t	1	3.0	2.0	14	80
test.BallonFactory	6	1f2t	2	3.0	2.5	24	80
test.BallonFactory	6	1f2f3f4f	3	3.0	3.5	76	80
test.BallonFactory	6	1f2f3t	4	3.0	3.5001	79	80
test.BallonFactory	6	1f2f3f4t	5	3.0	4.0	80	80
test.BallonFactory	9	1t5t7t	1	18.0	4.0	131	5239
test.BallonFactory	9	1f2t3f	2	18.0	5.0	570	5239
test.BallonFactory	9	1f2t3t4f	3	18.0	6.0	882	5239
test.BallonFactory	9	1f2f	4	18.0	6.0001	1095	5239
test.BallonFactory	9	1f2t3t4t	5	18.0	6.5	1210	5239
test.BallonFactory	9	1t5f	6	18.0	8.5	2255	5239
test.BallonFactory	9	1t5t7f8f10f	7	18.0	9.0	3546	5239
test.BallonFactory	9	1t5t7f8f10t	8	18.0	9.5	4397	5239
test.BallonFactory	9	1t5t7f8t10t	9	18.0	11.0	5039	5239
test.BallonFactory	9	1t5t7f8t10f	10	18.0	12.0	5239	5239
test.Base64	2	1f	1	4.0	2.5	41	364
test.Base64	2	1t2f3f	2	4.0	3.0	139	364
test.Base64	2	1t2t	3	4.0	4.0	312	364
test.Base64	2	1t2f3t	4	4.0	5.0	364	364
test.Base64	4	1f	1	4.0	2.5	41	364
test.Base64	4	1t2f3f	2	4.0	3.0	139	364
test.Base64	4	1t2t	3	4.0	4.0	312	364
test.Base64	4	1t2f3t	4	4.0	4.5	364	364
test.Base64	13	4t	1	2.0	2.0	5	6
test.Base64	13	4f	2	2.0	2.5	6	6
test.Base64	16	2f	1	69.0	3.0	9	19454
test.Base64	16	2t3f	2	69.0	3.5	22	19454
test.Base64	16	2t3t14t	3	69.0	94.0	16526	19454
test.Base64	16	2t3t14f	4	69.0	102.5	19454	19454
test.Base64	18	1t2f	1	52.0	3.0	22	9280
test.Base64	18	1t2t3t	2	52.0	3.0001	148	9280
test.Base64	18	1f	3	52.0	4.0	159	9280
test.Base64	18	1t2t3f4t5t7f8t10t	4	52.0	6.5	668	9280
test.Base64	18	1t2t3f4f	5	52.0	6.5001	680	9280
test.Base64	18	1t2t3f4t5f6f7f8f9f	6	52.0	6.5002003	881	9280
test.Base64	18	1t2t3f4t5t7t10t	7	52.0	6.5003004	881	9280
test.Base64	18	1t2t3f4t5f6f7f8t10t	8	52.0	6.5004005	886	9280
test.Base64	18	1t2t3f4t5f6f7t10f11t	9	52.0	6.5005007	946	9280
test.Base64	18	1t2t3f4t5f6f7t10t	10	52.0	7.0	946	9280
test.Base64	18	1t2t3f4t5t7f8t10f11t	11	52.0	7.0001	948	9280
test.Base64	18	1t2t3f4t5t7t10f11f12f	12	52.0	7.5	1161	9280
test.Base64	18	1t2t3f4t5f6f7f8t10f11t	13	52.0	8.0	1161	9280
test.Base64	18	1t2t3f4t5f6f7t10f11f12f	14	52.0	8.5	1168	9280
test.Base64	18	1t2t3f4t5t7f8f9f	15	52.0	8.5001	1168	9280
test.Base64	18	1t2t3f4t5t7t10f11t	16	52.0	9.0	1168	9280
test.Base64	18	1t2t3f4t5f6f7f8t10f11f12f	17	52.0	9.0001	1175	9280
test.Base64	18	1t2t3f4t5t7f8t10f11f12f	18	52.0	27.0	1175	9280
test.Base64	18	1t2t3f4t5t7f8f9t	19	52.0	54.0	5583	9280
test.Base64	18	1t2t3f4t5f6f7f8f9t	20	52.0	54.0001	5648	9280
test.Base64	18	1t2t3f4t5f6t	21	52.0	60.0	7672	9280
test.Base64	18	1t2t3f4t5f6f7t10f11f12t	22	52.0	64.5	9264	9280
test.Base64	18	1t2t3f4t5t7t10f11f12t	23	52.0	69.5	9264	9280
test.Base64	18	1t2t3f4t5t7f8t10f11f12t	24	52.0	72.5	9280	9280
test.Base64	18	1t2t3f4t5f6f7f8t10f11f12t	25	52.0	103.0	9280	9280
test.Base64	19	1f	1	47.0	3.0	24	9183
test.Base64	19	1t2f	2	47.0	4.0	38	9183
test.Base64	19	1t2t8t	3	47.0	19.0	3190	9183
test.Base64	19	1t2t8f9f	4	47.0	20.0	3492	9183
test.Base64	19	1t2t8f9t10t12f13t15f16t	5	47.0	20.0001	4926	9183
test.Base64	19	1t2t8f9t10f11f12t15t	6	47.0	22.0	5072	9183
test.Base64	19	1t2t8f9t10t12t15f16f17f	7	47.0	22.0001	5593	9183
test.Base64	19	1t2t8f9t10f11f12f13f14f	8	47.0	22.000198	5961	9183
test.Base64	19	1t2t8f9t10f11f12t15f16f17f	9	47.0	22.000298	5970	9183
test.Base64	19	1t2t8f9t10f11f12f13t15t	10	47.0	22.000397	5970	9183
test.Base64	19	1t2t8f9t10t12f13f14f	11	47.0	22.5	5970	9183
test.Base64	19	1t2t8f9t10t12t15f16t	12	47.0	22.5001	5970	9183
test.Base64	19	1t2t8f9t10f11f12f13f14t	13	47.0	23.0	6499	9183
test.Base64	19	1t2t8f9t10f11f12t15f16t	14	47.0	23.5	6499	9183
test.Base64	19	1t2t8f9t10t12f13t15f16f17f	15	47.0	24.0	6506	9183
test.Base64	19	1t2t8f9t10t12f13t15f16f17t	16	47.0	24.0001	7578	9183
test.Base64	19	1t2t8f9t10f11f12t15f16f17t	17	47.0	24.5	7591	9183
test.Base64	19	1t2t8f9t10t12f13f14t	18	47.0	24.5001	7591	9183
test.Base64	19	1t2t8f9t10f11f12f13t15f16t	19	47.0	25.0	7591	9183
test.Base64	19	1t2t8f9t10f11f12f13t15f16f17t	20	47.0	25.0001	7591	9183
test.Base64	19	1t2t8f9t10t12f13t15t	21	47.0	25.000198	7591	9183
test.Base64	19	1t2t8f9t10f11t	22	47.0	26.0	9183	9183
test.Base64	19	1t2t8f9t10t12t15t	23	47.0	27.0	9183	9183
test.Base64	19	1t2t8f9t10t12t15f16f17t	24	47.0	27.5	9183	9183
test.Base64	19	1t2t8f9t10f11f12f13t15f16f17f	25	47.0	53.5	9183	9183
test.Base64	20	7t9t12t	1	27.0	17.5	3162	6785
test.Base64	20	7f8t	2	27.0	20.0	4595	6785
test.Base64	20	7f8f9t12t	3	27.0	20.0001	4602	6785
test.Base64	20	7f8f9t12f13f14f	4	27.0	20.000198	5131	6785
test.Base64	20	7f8f9t12f13f14t	5	27.0	20.5	5996	6785
test.Base64	20	7t9t12f13f14f	6	27.0	20.5001	5996	6785
test.Base64	20	7f8f9f10t12t	7	27.0	20.500198	6112	6785
test.Base64	20	7f8f9f10t12f13t	8	27.0	21.0	6117	6785
test.Base64	20	7t9f10f11t	9	27.0	21.0001	6584	6785
test.Base64	20	7f8f9f10t12f13f14f	10	27.0	21.000198	6591	6785
test.Base64	20	7f8f9f10f11f	11	27.0	21.5	6766	6785
test.Base64	20	7t9f10t12f13f14f	12	27.0	21.5001	6766	6785
test.Base64	20	7f8f9f10f11t	13	27.0	21.500198	6772	6785
test.Base64	20	7t9f10f11f	14	27.0	22.0	6772	6785
test.Base64	20	7f8f9t12f13t	15	27.0	22.5	6772	6785
test.Base64	20	7t9f10t12t	16	27.0	22.5001	6772	6785
test.Base64	20	7f8f9f10t12f13f14t	17	27.0	23.0	6785	6785
test.Base64	20	7t9t12f13f14t	18	27.0	23.0001	6785	6785
test.Base64	20	7t9t12f13t	19	27.0	23.5	6785	6785
test.Base64	20	7t9f10t12f13f14t	20	27.0	24.0	6785	6785
test.Base64	20	7t9f10t12f13t	21	27.0	27.0	6785	6785
test.Class11	10	1t3t40f41t52f53t56t58t60f61f62f	1	63.0	6.5	460	13706
test.Class11	10	1t3t40f41f42t44t46t49f50f51f	2	63.0	6.5001	728	13706
test.Class11	10	1t3t40f41t52t63t74f75t77t80t83f84f	3	63.0	7.0	919	13706
test.Class11	10	1t3t40f41t52t63f64t67t70t72f73f	4	63.0	7.5	1078	13706
test.Class11	10	1t3t40f41t52f53t56t58t60f61t	5	63.0	10.0	2176	13706
test.Class11	10	1t3t40f41t52t63f64t67t70f	6	63.0	10.0001	2326	13706
test.Class11	10	1t3t40t	7	63.0	10.0002	2326	13706
test.Class11	10	1t3t40f41t52t63t74f75t77t80t83f84t	8	63.0	10.5	2440	13706
test.Class11	10	1t3t40f41f42t44t46t49t	9	63.0	10.5001	2516	13706
test.Class11	10	1t3t40f41t52t63f64t67t70t72t	10	63.0	11.0	2516	13706
test.Class11	10	1t3t40f41t52t63f64t67t70t72f73t	11	63.0	11.0001	2516	13706
test.Class11	10	1t3t40f41t52f53t56t58t60f61f62t	12	63.0	11.0002	2668	13706
test.Class11	10	1t3t40f41t52f53t56t58f	13	63.0	11.5	2704	13706
test.Class11	10	1t3t40f41f42t44t46t49f50t	14	63.0	11.5001	2742	13706
test.Class11	10	1t3t40f41t52t63f64t67f	15	63.0	11.5002	3129	13706
test.Class11	10	1t3t40f41t52t63t74t	16	63.0	11.5003	3129	13706
test.Class11	10	1t3t40f41f42t44t46t49f50f51t	17	63.0	11.500401	3281	13706
test.Class11	10	1t3t40f41f42f	18	63.0	12.0	3752	13706
test.Class11	10	1t3t40f41t52t63t74f75t77t80t83t	19	63.0	12.0001	3752	13706
test.Class11	10	1t3t40f41t52t63t74f75t77f	20	63.0	12.5	4472	13706
test.Class11	10	1t3t40f41t52f53t56f	21	63.0	12.5001	4576	13706
test.Class11	10	1t3t40f41f42t44f	22	63.0	13.0	4576	13706
test.Class11	10	1t3t40f41t52t63f64f	23	63.0	13.0001	4929	13706
test.Class11	10	1t3t40f41f42t44t46f	24	63.0	13.5	4929	13706
test.Class11	10	1t3t40f41t52f53f	25	63.0	13.5001	5282	13706
test.Class11	10	1t3t40f41t52t63t74f75f	26	63.0	14.0	5316	13706
test.Class11	10	1t3t40f41t52t63t74f75t77t80f	27	63.0	17.5	5316	13706
test.Class11	10	1t3t40f41t52f53t56t58t60t	28	63.0	29.0	5316	13706
test.Class11	10	1t3f4t13t	29	63.0	32.0	9535	13706
test.Class11	10	1t3f4f	30	63.0	40.0	11612	13706
test.Class11	10	1t3f4t13f	31	63.0	41.5	13690	13706
test.Class11	10	1f	32	63.0	67.5	13706	13706
test.Class11	11	1f	1	19.0	3.0	62	4445
test.Class11	11	1t2t4f7t14t21t28t	2	19.0	9.0	1333	4445
test.Class11	11	1t2t4t7t14t21t28t	3	19.0	9.5	1333	4445
test.Class11	11	1t2t4t7t14t21t28f	4	19.0	11.0	2107	4445
test.Class11	11	1t2t4t7t14t21f	5	19.0	11.0001	2881	4445
test.Class11	11	1t2t4f7t14t21f	6	19.0	11.0002	2881	4445
test.Class11	11	1t2t4f7f	7	19.0	11.0003	3655	4445
test.Class11	11	1t2t4f7t14f	8	19.0	11.5	4429	4445
test.Class11	11	1t2t4f7t14t21t28f	9	19.0	12.0	4429	4445
test.Class11	11	1t2t4t7f	10	19.0	12.0001	4429	4445
test.Class11	11	1t2t4t7t14f	11	19.0	13.0	4429	4445
test.Class11	11	1t2f	12	19.0	19.0	4445	4445
test.Class11	12	1f	1	11.0	3.0	74	2334
test.Class11	12	1t2t6t11t18t	2	11.0	5.5	607	2334
test.Class11	12	1t2t6t11f13t18f19t	3	11.0	7.0	953	2334
test.Class11	12	1t2t6t11f13t18t	4	11.0	7.0001	953	2334
test.Class11	12	1t2t6t11f13t18f19f20f	5	11.0	7.5	1027	2334
test.Class11	12	1t2t6t11t18f19f20f	6	11.0	7.5001	1027	2334
test.Class11	12	1t2t6t11t18f19t	7	11.0	7.5002003	1027	2334
test.Class11	12	1t2t6t11f13t18f19f20t	8	11.0	8.0	1044	2334
test.Class11	12	1t2t6t11f13f	9	11.0	9.5	1583	2334
test.Class11	12	1t2t6t11t18f19f20t	10	11.0	11.0	1583	2334
test.Class11	12	1t2t6f	11	11.0	11.5	2282	2334
test.Class11	12	1t2f	12	11.0	11.5001	2334	2334
test.client	1	6t36t	1	20.0	6.0	231	3217
test.client	1	6t36f48f	2	20.0	7.5	809	3217
test.client	1	6t36f48t	3	20.0	8.0	812	3217
test.client	1	6f14t	4	20.0	15.5	2781	3217
test.client	1	6f14f15f16f	5	20.0	17.5	3217	3217
test.client	1	6f14f15t	6	20.0	17.5001	3217	3217
test.client	1	6f14f15f16t	7	20.0	20.0	3217	3217
test.client	3	46f57f	1	578.0	599.0	56182	66782
test.client	3	46t	2	578.0	626.5	66282	66782
test.client	3	46f57t	3	578.0	642.5	66782	66782
test.client	4	1t7f9f25f	1	44.0	22.0	3704	5310
test.client	4	1t7f9f25t	2	44.0	22.5	4076	5310
test.client	4	1t7t9f25f	3	44.0	23.5	4448	5310
test.client	4	1t7f9t25f	4	44.0	24.0	4830	5310
test.client	4	1f7t9f25f	5	44.0	25.0	5202	5310
test.client	4	1t7t9f25t	6	44.0	25.0001	5220	5310
test.client	4	1f7t9t25f	7	44.0	26.0	5262	5310
test.client	4	1t7t9t25f	8	44.0	26.0001	5262	5310
test.client	4	1f7t9t25t	9	44.0	26.000198	5298	5310
test.client	4	1f7t9f25t	10	44.0	26.000298	5298	5310
test.client	4	1t7t9t25t	11	44.0	26.5	5298	5310
test.client	4	1f7f9t25t	12	44.0	26.5001	5310	5310
test.client	4	1t7f9t25t	13	44.0	27.0	5310	5310
test.client	4	1f7f9t25f	14	44.0	27.5	5310	5310
test.client	4	1f7f9f25f	15	44.0	27.5001	5310	5310
test.client	4	1f7f9f25t	16	44.0	28.5	5310	5310
test.client	6	7f	1	35.0	20.0	1850	2939
test.client	6	7t	2	35.0	20.5	2939	2939
test.client	7	1f2t	1	8.0	4.0	102	1070
test.client	7	1f2f3f4t	2	8.0	4.0001	126	1070
test.client	7	1t	3	8.0	4.0002003	126	1070
test.client	7	1f2f3t	4	8.0	4.0003004	126	1070
test.client	7	1f2f3f4f6t	5	8.0	8.5	1058	1070
test.client	7	1f2f3f4f6f	6	8.0	10.5	1070	1070
test.GeoEngine	2	1f	1	14.0	3.0	104	2355
test.GeoEngine	2	1t7t	2	14.0	10.5	1655	2355
test.GeoEngine	2	1t7f	3	14.0	13.5	2355	2355
test.GeoEngine	6	1t2t3f	1	16.0	4.0	269	2693
test.GeoEngine	6	1f2t3f	2	16.0	4.0001	339	2693
test.GeoEngine	6	1f2f	3	16.0	4.0002003	374	2693
test.GeoEngine	6	1t2f	4	16.0	4.0003004	380	2693
test.GeoEngine	6	1f2t3t4f	5	16.0	6.0	870	2693
test.GeoEngine	6	1t2t3t4f	6	16.0	7.0	927	2693
test.GeoEngine	6	1t2t3t4t8f	7	16.0	7.5	1453	2693
test.GeoEngine	6	1f2t3t4t8f	8	16.0	7.5001	1493	2693
test.GeoEngine	6	1f2t3t4t8t	9	16.0	12.0	2615	2693
test.GeoEngine	6	1t2t3t4t8t	10	16.0	12.5	2693	2693
test.GeoEngine	7	1f	1	14.0	3.5	134	3054
test.GeoEngine	7	1t2f3t	2	14.0	5.0	561	3054
test.GeoEngine	7	1t2f3f	3	14.0	5.0001	588	3054
test.GeoEngine	7	1t2t5f6f	4	14.0	5.5	915	3054
test.GeoEngine	7	1t2t5t	5	14.0	7.0	915	3054
test.GeoEngine	7	1t2t5f6t10t11t12f13t	6	14.0	11.5	2428	3054
test.GeoEngine	7	1t2t5f6t10f	7	14.0	12.0	2471	3054
test.GeoEngine	7	1t2t5f6t10t11t12t	8	14.0	12.5	2515	3054
test.GeoEngine	7	1t2t5f6t10t11f	9	14.0	12.5001	2559	3054
test.GeoEngine	7	1t2t5f6t10t11t12f13f14f	10	14.0	13.5	2752	3054
test.GeoEngine	7	1t2t5f6t10t11t12f13f14t15t	11	14.0	14.0	2901	3054
test.GeoEngine	7	1t2t5f6t10t11t12f13f14t15f	12	14.0	14.0001	3054	3054
test.GeoEngine	8	1f	1	11.0	3.0	104	1471
test.GeoEngine	8	1t2f	2	11.0	4.0	312	1471
test.GeoEngine	8	1t2t5f	3	11.0	6.0	639	1471
test.GeoEngine	8	1t2t5t	4	11.0	12.5	1471	1471
test.GeoEngine	9	1f	1	5.0	2.5	20	141
test.GeoEngine	9	1t2t4t6f7f	2	5.0	2.5001	52	141
test.GeoEngine	9	1t2t4t6t8f9t	3	5.0	3.0	74	141
test.GeoEngine	9	1t2t4t6t8t	4	5.0	3.0001	74	141
test.GeoEngine	9	1t2t4f5t6f7t8f9t	5	5.0	3.0001998	96	141
test.GeoEngine	9	1t2t4t6f7t8f9f	6	5.0	3.0002997	103	141
test.GeoEngine	9	1t2t4f5f	7	5.0	3.0003996	109	141
test.GeoEngine	9	1t2t4f5t6f7f	8	5.0	3.0004995	110	141
test.GeoEngine	9	1t2f3t4t6t8t	9	5.0	3.0005994	125	141
test.GeoEngine	9	1t2t4f5t6f7t8t	10	5.0	3.0006993	125	141
test.GeoEngine	9	1t2f3t4t6f7t8f9t	11	5.0	3.0007992	129	141
test.GeoEngine	9	1t2f3t4f5t6t8t	12	5.0	3.000899	131	141
test.GeoEngine	9	1t2f3t4f5f	13	5.0	3.000999	132	141
test.GeoEngine	9	1t2t4t6t8f9f	14	5.0	3.0010989	132	141
test.GeoEngine	9	1t2f3t4f5t6f7t8t	15	5.0	3.0011988	132	141
test.GeoEngine	9	1t2f3f	16	5.0	3.0012987	138	141
test.GeoEngine	9	1t2f3t4t6f7t8t	17	5.0	3.0013986	138	141
test.GeoEngine	9	1t2t4f5t6f7t8f9f	18	5.0	3.0014985	139	141
test.GeoEngine	9	1t2f3t4t6t8f9t	19	5.0	3.5	139	141
test.GeoEngine	9	1t2t4f5t6t8f9f	20	5.0	3.5001	139	141
test.GeoEngine	9	1t2t4t6f7t8t	21	5.0	3.5001998	139	141
test.GeoEngine	9	1t2f3t4t6t8f9f	22	5.0	3.5002997	140	141
test.GeoEngine	9	1t2f3t4f5t6f7t8f9f	23	5.0	3.5003996	140	141
test.GeoEngine	9	1t2t4f5t6t8t	24	5.0	3.5004995	140	141
test.GeoEngine	9	1t2t4f5t6t8f9t	25	5.0	3.5005994	140	141
test.GeoEngine	9	1t2t4t6f7t8f9t	26	5.0	3.5006993	140	141
test.GeoEngine	9	1t2f3t4t6f7t8f9f	27	5.0	3.5007992	140	141
test.GeoEngine	9	1t2f3t4f5t6t8f9f	28	5.0	3.500899	140	141
test.GeoEngine	9	1t2f3t4f5t6f7f	29	5.0	3.500999	141	141
test.GeoEngine	9	1t2f3t4f5t6t8f9t	30	5.0	3.5010989	141	141
test.GeoEngine	9	1t2f3t4f5t6f7t8f9t	31	5.0	4.0	141	141
test.GeoEngine	9	1t2f3t4t6f7f	32	5.0	4.0001	141	141
test.FastBlurFilter	3	2t	1	68.0	62.0	8340	8642
test.FastBlurFilter	3	2f	2	68.0	71.0	8642	8642
test.InfTree	2	2f	1	208.0	6.0	385	27732
test.InfTree	2	2t11f	2	208.0	14.0	1624	27732
test.InfTree	2	2t11t	3	208.0	181.5	27732	27732
test.ImageData	2	5f	1	11.0	4.5	365	2256
test.ImageData	2	5t7t8t10t11t12t13t	2	11.0	4.5001	475	2256
test.ImageData	2	5t7f	3	11.0	4.5002003	734	2256
test.ImageData	2	5t7t8t10t11f	4	11.0	5.0	968	2256
test.ImageData	2	5t7t8f	5	11.0	5.0001	1170	2256
test.ImageData	2	5t7t8t10f	6	11.0	5.0002003	1257	2256
test.ImageData	2	5t7t8t10t11t12f	7	11.0	6.5	1656	2256
test.ImageData	2	5t7t8t10t11t12t13f	8	11.0	6.5001	2256	2256
test.ImageData	3	7f	1	71.0	5.0	272	5303
test.ImageData	3	7t8t15t20t27t	2	71.0	6.0	511	5303
test.ImageData	3	7t8t15t20t27f	3	71.0	9.0	965	5303
test.ImageData	3	7t8t15f	4	71.0	20.0	2225	5303
test.ImageData	3	7t8t15t20f	5	71.0	20.0001	4155	5303
test.ImageData	3	7t8f	6	71.0	21.0	5303	5303
test.ImageData	4	7f	1	70.0	4.5	272	8599
test.ImageData	4	7t8t15t20t27t30t33t36t	2	70.0	6.5	544	8599
test.ImageData	4	7t8t15t20t27f	3	70.0	8.5	1020	8599
test.ImageData	4	7t8t15t20t27t30f	4	70.0	10.0	1823	8599
test.ImageData	4	7t8t15t20t27t30t33f	5	70.0	13.5	2986	8599
test.ImageData	4	7t8t15t20t27t30t33t36f	6	70.0	13.5001	4639	8599
test.ImageData	4	7t8t15f	7	70.0	18.0	5864	8599
test.ImageData	4	7t8f	8	70.0	18.5	6977	8599
test.ImageData	4	7t8t15t20f	9	70.0	18.5001	8599	8599
test.ImageData	6	7t	1	4.0	4.5	317	329
test.ImageData	6	7f	2	4.0	7.0	329	329
test.ImageData	7	5t7t8t10t11f	1	12.0	5.0	471	3083
test.ImageData	7	5t7t8t10t11t12t13t	2	12.0	5.5	538	3083
test.ImageData	7	5t7f	3	12.0	5.5001	987	3083
test.ImageData	7	5t7t8f9f	4	12.0	5.5002003	1301	3083
test.ImageData	7	5f6t	5	12.0	6.0	1622	3083
test.ImageData	7	5f6f	6	12.0	6.0001	1744	3083
test.ImageData	7	5t7t8t10f	7	12.0	6.0002003	1855	3083
test.ImageData	7	5t7t8f9t	8	12.0	6.0003004	2026	3083
test.ImageData	7	5t7t8t10t11t12f	9	12.0	7.0	2457	3083
test.ImageData	7	5t7t8t10t11t12t13f	10	12.0	9.5	3083	3083
test.ImageData	8	7f	1	64.0	5.5	272	5606
test.ImageData	8	7t8t13t17t24t	2	64.0	7.5	484	5606
test.ImageData	8	7t8t13t17t24f	3	64.0	9.5	1002	5606
test.ImageData	8	7t8f	4	64.0	21.5	2482	5606
test.ImageData	8	7t8t13t17f	5	64.0	30.0	4270	5606
test.ImageData	8	7t8t13f	6	64.0	40.0	5606	5606
test.ImageData	9	7f	1	73.0	6.0	272	9248
test.ImageData	9	7t8t13t17t24t27t30t33t	2	73.0	7.5	544	9248
test.ImageData	9	7t8t13t17t24f	3	73.0	12.5	1062	9248
test.ImageData	9	7t8t13t17t24t27f	4	73.0	13.0	1898	9248
test.ImageData	9	7t8t13t17t24t27t30f	5	73.0	14.5	3072	9248
test.ImageData	9	7t8t13t17t24t27t30t33f	6	73.0	15.5	4644	9248
test.ImageData	9	7t8f	7	73.0	21.5	6124	9248
test.ImageData	9	7t8t13f	8	73.0	22.0	7460	9248
test.ImageData	9	7t8t13t17f	9	73.0	28.5	9248	9248
test.ImageData	11	1f	1	9.0	4.5	388	1223
test.ImageData	11	1t	2	9.0	9.0	1223	1223
test.ImageData	13	1t	1	1549.0	5.5	495	266751
test.ImageData	13	1f2f3f	2	1549.0	5.5001	555	266751
test.ImageData	13	1f2t	3	1549.0	6.0	555	266751
test.ImageData	13	1f2f3t	4	1549.0	1398.5	266751	266751
test.ImageData	14	1t	1	893.0	6.5	495	221654
test.ImageData	14	1f2f3f	2	893.0	7.0	555	221654
test.ImageData	14	1f2t	3	893.0	7.5	555	221654
test.ImageData	14	1f2f3t34f35t38t	4	893.0	258.5	53018	221654
test.ImageData	14	1f2f3t34f35f36f38t	5	893.0	261.0	53127	221654
test.ImageData	14	1f2f3t34f35f36f38f	6	893.0	459.0	83121	221654
test.ImageData	14	1f2f3t34f35t38f	7	893.0	514.5	83121	221654
test.ImageData	14	1f2f3t34t	8	893.0	707.5	221654	221654
test.ImageData	14	1f2f3t34f35f36t	9	893.0	808.0	221654	221654
test.ImageData	15	1f2t	1	760.0	5.5	525	151468
test.ImageData	15	1t	2	760.0	7.0	525	151468
test.ImageData	15	1f2f3f	3	760.0	7.5	555	151468
test.ImageData	15	1f2f3t	4	760.0	825.0	151468	151468
test.ImageData	16	1f2t	1	1048.0	6.5	525	229356
test.ImageData	16	1t	2	1048.0	6.5001	525	229356
test.ImageData	16	1f2f3f	3	1048.0	6.5002003	555	229356
test.ImageData	16	1f2f3t	4	1048.0	1094.0	229356	229356
test.ImageData	20	1t	1	6.0	4.5	270	438
test.ImageData	20	1f	2	6.0	5.5	438	438
test.ImageData	21	1t	1	17.0	10.5	841	1558
test.ImageData	21	1f	2	17.0	14.0	1558	1558
test.QRCodeDataBlockReader	0	1f	1	5.0	4.5	233	289
test.QRCodeDataBlockReader	0	1t3t	2	5.0	5.0	273	289
test.QRCodeDataBlockReader	0	1t3f	3	5.0	5.5	289	289
test.QRCodeDataBlockReader	1	1f	1	13.0	4.5	232	2437
test.QRCodeDataBlockReader	1	1t3t6t	2	13.0	5.0	312	2437
test.QRCodeDataBlockReader	1	1t3f	3	13.0	7.5	796	2437
test.QRCodeDataBlockReader	1	1t3t6f	4	13.0	12.0	2437	2437
test.StructurePanel	1	1f2t4t	1	12.0	4.0	185	2726
test.StructurePanel	1	1t5t7t	2	12.0	4.0001	318	2726
test.StructurePanel	1	1t5t7f	3	12.0	5.5	724	2726
test.StructurePanel	1	1t5f6f	4	12.0	5.5001	1199	2726
test.StructurePanel	1	1f2f3f	5	12.0	5.5002003	1643	2726
test.StructurePanel	1	1f2f3t	6	12.0	6.0	1940	2726
test.StructurePanel	1	1f2t4f	7	12.0	6.0001	2413	2726
test.StructurePanel	1	1t5f6t	8	12.0	6.0002003	2726	2726
test.TileRenderor	5	1f2t13f14f	1	29.0	7.0	1098	11834
test.TileRenderor	5	1f2t13f14t15t16t17f	2	29.0	7.5	1412	11834
test.TileRenderor	5	1f2t13f14t15t16t17t18t	3	29.0	7.5001	1683	11834
test.TileRenderor	5	1f2t13f14t15t16f	4	29.0	7.5002003	1939	11834
test.TileRenderor	5	1f2t13t21t22t23t	5	29.0	8.0	3017	11834
test.TileRenderor	5	1f2t13t21f	6	29.0	8.0001	3077	11834
test.TileRenderor	5	1f2t13f14t15f	7	29.0	8.0002	3334	11834
test.TileRenderor	5	1f2t13t21t22t23f	8	29.0	8.0003	3394	11834
test.TileRenderor	5	1f2t13t21t22f	9	29.0	9.0	3454	11834
test.TileRenderor	5	1f2f3f4t6f	10	29.0	13.0	6753	11834
test.TileRenderor	5	1f2t13f14t15t16t17t18f	11	29.0	13.0001	7010	11834
test.TileRenderor	5	1t3t	12	29.0	13.0002	9429	11834
test.TileRenderor	5	1t3f4f	13	29.0	13.5	9429	11834
test.TileRenderor	5	1f2f3t	14	29.0	14.0	9429	11834
test.TileRenderor	5	1f2f3f4f	15	29.0	15.5	9429	11834
test.TileRenderor	5	1t3f4t6f	16	29.0	16.5	9429	11834
test.TileRenderor	5	1f2f3f4t6t	17	29.0	19.5	11834	11834
test.TileRenderor	5	1t3f4t6t	18	29.0	22.0	11834	11834
test.TileRenderor	6	22f	1	1594.0	175.0	70170	542161
test.TileRenderor	6	22t23t24t25f26t34t38t39f40t41t42f	2	1594.0	190.5	91794	542161
test.TileRenderor	6	22t23t24t25f26t34t38t39f40f	3	1594.0	195.0	98736	542161
test.TileRenderor	6	22t23f	4	1594.0	195.5	99468	542161
test.TileRenderor	6	22t23t24t25f26t34t38t39f40t41t42t43f	5	1594.0	197.5	106660	542161
test.TileRenderor	6	22t23t24f	6	1594.0	204.0	111673	542161
test.TileRenderor	6	22t23t24t25f26t34t38t39f40t41f	7	1594.0	217.5	118615	542161
test.TileRenderor	6	22t23t24t25t	8	1594.0	436.5	166578	542161
test.TileRenderor	6	22t23t24t25f26t34f	9	1594.0	445.0	193090	542161
test.TileRenderor	6	22t23t24t25f26t34t38t39t46t53f	10	1594.0	446.5	257947	542161
test.TileRenderor	6	22t23t24t25f26t34t38f	11	1594.0	465.0	284359	542161
test.TileRenderor	6	22t23t24t25f26f	12	1594.0	476.5	284517	542161
test.TileRenderor	6	22t23t24t25f26t34t38t39t46t53t	13	1594.0	508.5	403951	542161
test.TileRenderor	6	22t23t24t25f26t34t38t39t46f	14	1594.0	528.0	528044	542161
test.TileRenderor	6	22t23t24t25f26t34t38t39f40t41t42t43t	15	1594.0	529.0	542161	542161
test.TIFFFaxDecoder	9	1f2f3t5t12f	1	4.0	2.0	35	295
test.TIFFFaxDecoder	9	1f2t5t12f	2	4.0	2.0001	35	295
test.TIFFFaxDecoder	9	1f2t5t12t	3	4.0	2.5	46	295
test.TIFFFaxDecoder	9	1t6t12f	4	4.0	2.5001	56	295
test.TIFFFaxDecoder	9	1f2f3f4t5t12t	5	4.0	3.0	70	295
test.TIFFFaxDecoder	9	1f2f3t5t12t	6	4.0	3.0001	70	295
test.TIFFFaxDecoder	9	1f2f3f4t5f	7	4.0	3.0001998	87	295
test.TIFFFaxDecoder	9	1f2t5f	8	4.0	3.0002997	87	295
test.TIFFFaxDecoder	9	1t6t12t	9	4.0	3.5	89	295
test.TIFFFaxDecoder	9	1t6f7t8f9f	10	4.0	3.5001	159	295
test.TIFFFaxDecoder	9	1f2f3f4t5t12f	11	4.0	3.5001998	160	295
test.TIFFFaxDecoder	9	1t6f7f	12	4.0	3.5002997	183	295
test.TIFFFaxDecoder	9	1t6f7t8t12t	13	4.0	4.0	268	295
test.TIFFFaxDecoder	9	1t6f7t8t12f	14	4.0	4.0001	273	295
test.TIFFFaxDecoder	9	1f2f3f4f	15	4.0	4.0002003	283	295
test.TIFFFaxDecoder	9	1f2f3t5f	16	4.0	4.5	283	295
test.TIFFFaxDecoder	9	1t6f7t8f9t12t	17	4.0	4.5001	294	295
test.TIFFFaxDecoder	9	1t6f7t8f9t12f	18	4.0	6.0	295	295
test.TIFFFaxDecoder	10	1t2t	1	5.0	4.0	248	311
test.TIFFFaxDecoder	10	1f2t	2	5.0	4.5	290	311
test.TIFFFaxDecoder	10	1t2f	3	5.0	5.0	309	311
test.TIFFFaxDecoder	10	1f2f	4	5.0	5.5	311	311
test.TIFFFaxDecoder	11	1t4t	1	12.0	3.0	69	3114
test.TIFFFaxDecoder	11	1f2f8t9f	2	12.0	5.5	770	3114
test.TIFFFaxDecoder	11	1f2f8t9t	3	12.0	6.0	798	3114
test.TIFFFaxDecoder	11	1f2f8f	4	12.0	6.0001	1208	3114
test.TIFFFaxDecoder	11	1f2t3t8t9t	5	12.0	6.0002003	1448	3114
test.TIFFFaxDecoder	11	1f2t3f8t9f	6	12.0	6.5	1573	3114
test.TIFFFaxDecoder	11	1f2t3f8t9t	7	12.0	7.0	1575	3114
test.TIFFFaxDecoder	11	1f2t3t8f	8	12.0	7.0001	1635	3114
test.TIFFFaxDecoder	11	1t4f5t6f8t9t	9	12.0	7.0002003	2151	3114
test.TIFFFaxDecoder	11	1t4f5t6f8f	10	12.0	7.5	2283	3114
test.TIFFFaxDecoder	11	1t4f5f8t9t	11	12.0	7.5001	2325	3114
test.TIFFFaxDecoder	11	1f2t3f8f	12	12.0	7.5002003	2349	3114
test.TIFFFaxDecoder	11	1t4f5f8f	13	12.0	8.0	2349	3114
test.TIFFFaxDecoder	11	1t4f5t6f8t9f	14	12.0	8.0001	2404	3114
test.TIFFFaxDecoder	11	1t4f5f8t9f	15	12.0	8.0002	2404	3114
test.TIFFFaxDecoder	11	1t4f5t6t8f	16	12.0	8.5	3024	3114
test.TIFFFaxDecoder	11	1f2t3t8t9f	17	12.0	9.0	3044	3114
test.TIFFFaxDecoder	11	1t4f5t6t8t9f	18	12.0	9.0001	3104	3114
test.TIFFFaxDecoder	11	1t4f5t6t8t9t	19	12.0	11.0	3114	3114
test.TIFFFaxDecoder	12	1t3t	1	8.0	3.0	69	1455
test.TIFFFaxDecoder	12	1f2f5f	2	8.0	4.5	465	1455
test.TIFFFaxDecoder	12	1t3f4f5f	3	8.0	5.0	655	1455
test.TIFFFaxDecoder	12	1f2t5t	4	8.0	5.0001	1065	1455
test.TIFFFaxDecoder	12	1f2f5t	5	8.0	5.0002003	1065	1455
test.TIFFFaxDecoder	12	1f2t5f	6	8.0	5.5	1093	1455
test.TIFFFaxDecoder	12	1t3f4f5t	7	8.0	5.5001	1168	1455
test.TIFFFaxDecoder	12	1t3f4t5f	8	8.0	6.0	1380	1455
test.TIFFFaxDecoder	12	1t3f4t5t	9	8.0	6.0001	1455	1455
test.TIFFFaxDecoder	13	1t	1	2.0	2.0	18	56
test.TIFFFaxDecoder	13	1f	2	2.0	2.5	56	56
test.TIFFFaxEncoder	2	1f	1	9.0	2.5	20	1296
test.TIFFFaxEncoder	2	1t2t5f6f	2	9.0	4.5	389	1296
test.TIFFFaxEncoder	2	1t2t5f6t	3	9.0	4.5001	412	1296
test.TIFFFaxEncoder	2	1t2f10t	4	9.0	5.5	838	1296
test.TIFFFaxEncoder	2	1t2f10f	5	9.0	6.0	889	1296
test.TIFFFaxEncoder	2	1t2t5t10t	6	9.0	6.5	1286	1296
test.TIFFFaxEncoder	2	1t2t5t10f	7	9.0	7.0	1296	1296
test.TIFFFaxEncoder	6	2t3t4f	1	6.0	6.0	430	536
test.TIFFFaxEncoder	6	2t3t4t	2	6.0	6.0001	443	536
test.TIFFFaxEncoder	6	2f3f	3	6.0	6.5	536	536
test.TIFFFaxEncoder	6	2f3t4f	4	6.0	6.5001	536	536
test.TIFFFaxEncoder	6	2f3t4t	5	6.0	7.0	536	536
test.TIFFFaxEncoder	6	2t3f	6	6.0	7.5	536	536
test.TIFFFaxEncoder	8	1f	1	7.0	6.0	489	529
test.TIFFFaxEncoder	8	1t	2	7.0	7.0	529	529
