test.BallonFactory	1	1t2t8t	1	21.666666	34.333332	2361	2518
test.BallonFactory	1	1t2f8t	2	21.666666	34.33343	2400	2518
test.BallonFactory	1	1f2t8t	3	21.666666	35.333332	2433	2518
test.BallonFactory	1	1f2t8f	4	21.666666	36.0	2518	2518
test.BallonFactory	1	1f2f8f	5	21.666666	36.333332	2518	2518
test.BallonFactory	1	1f2f8t	6	21.666666	37.666668	2518	2518
test.BallonFactory	1	1t2f8f	7	21.666666	37.666767	2518	2518
test.BallonFactory	1	1t2t8f	8	21.666666	40.666668	2518	2518
test.BallonFactory	2	1f2f	1	7.6666665	8.0	232	1238
test.BallonFactory	2	1t3f4f	2	7.6666665	10.333333	512	1238
test.BallonFactory	2	1f2t3f4f	3	7.6666665	10.333433	526	1238
test.BallonFactory	2	1t3t5f6f	4	7.6666665	11.333333	823	1238
test.BallonFactory	2	1f2t3t5f6f	5	7.6666665	11.666667	835	1238
test.BallonFactory	2	1f2t3f4t5f6f	6	7.6666665	12.0	847	1238
test.BallonFactory	2	1t3t5t	7	7.6666665	12.333333	1202	1238
test.BallonFactory	2	1t3f4t5f6t	8	7.6666665	12.666667	1226	1238
test.BallonFactory	2	1f2t3f4t5f6t	9	7.6666665	12.666767	1238	1238
test.BallonFactory	2	1f2t3t5t	10	7.6666665	12.666867	1238	1238
test.BallonFactory	2	1t3f4t5f6f	11	7.6666665	12.666967	1238	1238
test.BallonFactory	2	1t3t5f6t	12	7.6666665	12.667068	1238	1238
test.BallonFactory	2	1f2t3f4t5t	13	7.6666665	13.0	1238	1238
test.BallonFactory	2	1f2t3t5f6t	14	7.6666665	13.333333	1238	1238
test.BallonFactory	2	1t3f4t5t	15	7.6666665	15.0	1238	1238
test.BallonFactory	6	1t	1	2.3333333	3.6666667	14	80
test.BallonFactory	6	1f2t	2	2.3333333	4.0	24	80
test.BallonFactory	6	1f2f3f4f	3	2.3333333	4.3333335	76	80
test.BallonFactory	6	1f2f3t	4	2.3333333	4.6666665	79	80
test.BallonFactory	6	1f2f3f4t	5	2.3333333	5.0	80	80
test.BallonFactory	9	1t5t7t	1	19.333334	10.333333	131	5239
test.BallonFactory	9	1f2t3f	2	19.333334	13.333333	570	5239
test.BallonFactory	9	1f2t3t4t	3	19.333334	13.333433	740	5239
test.BallonFactory	9	1f2f	4	19.333334	13.333533	953	5239
test.BallonFactory	9	1f2t3t4f	5	19.333334	14.0	1210	5239
test.BallonFactory	9	1t5f	6	19.333334	16.333334	2255	5239
test.BallonFactory	9	1t5t7f8f10f	7	19.333334	18.0	3546	5239
test.BallonFactory	9	1t5t7f8f10t	8	19.333334	19.333334	4397	5239
test.BallonFactory	9	1t5t7f8t10t	9	19.333334	20.666666	5039	5239
test.BallonFactory	9	1t5t7f8t10f	10	19.333334	20.666765	5239	5239
test.Base64	2	1f	1	4.0	4.6666665	41	364
test.Base64	2	1t2f3f	2	4.0	5.6666665	139	364
test.Base64	2	1t2t	3	4.0	7.6666665	312	364
test.Base64	2	1t2f3t	4	4.0	8.0	364	364
test.Base64	4	1f	1	3.6666667	4.3333335	41	364
test.Base64	4	1t2f3f	2	3.6666667	5.6666665	139	364
test.Base64	4	1t2t	3	3.6666667	7.0	312	364
test.Base64	4	1t2f3t	4	3.6666667	8.333333	364	364
test.Base64	13	4f	1	1.6666666	4.0	6	6
test.Base64	13	4t	2	1.6666666	4.3333335	6	6
test.Base64	16	2f	1	79.0	9.0	9	19454
test.Base64	16	2t3f	2	79.0	9.333333	22	19454
test.Base64	16	2t3t14f	3	79.0	121.333336	14267	19454
test.Base64	16	2t3t14t	4	79.0	133.66667	19454	19454
test.Base64	18	1t2f	1	59.333332	7.6666665	22	9280
test.Base64	18	1f	2	59.333332	8.0	33	9280
test.Base64	18	1t2t3t	3	59.333332	10.333333	159	9280
test.Base64	18	1t2t3f4f	4	59.333332	10.666667	246	9280
test.Base64	18	1t2t3f4t5f6f7t10t	5	59.333332	13.666667	680	9280
test.Base64	18	1t2t3f4t5t7f8t10t	6	59.333332	14.333333	738	9280
test.Base64	18	1t2t3f4t5t7f8f9f	7	59.333332	14.333433	879	9280
test.Base64	18	1t2t3f4t5f6f7f8f9f	8	59.333332	14.333533	886	9280
test.Base64	18	1t2t3f4t5t7t10t	9	59.333332	14.333633	886	9280
test.Base64	18	1t2t3f4t5f6f7f8t10t	10	59.333332	14.333734	886	9280
test.Base64	18	1t2t3f4t5t7t10f11t	11	59.333332	14.666667	944	9280
test.Base64	18	1t2t3f4t5t7t10f11f12f	12	59.333332	14.666767	1157	9280
test.Base64	18	1t2t3f4t5f6f7t10f11f12f	13	59.333332	14.666867	1166	9280
test.Base64	18	1t2t3f4t5f6f7t10f11t	14	59.333332	14.666967	1166	9280
test.Base64	18	1t2t3f4t5t7f8t10f11f12f	15	59.333332	15.0	1175	9280
test.Base64	18	1t2t3f4t5f6f7f8t10f11t	16	59.333332	15.0001	1175	9280
test.Base64	18	1t2t3f4t5f6f7f8t10f11f12f	17	59.333332	15.333333	1175	9280
test.Base64	18	1t2t3f4t5t7f8t10f11t	18	59.333332	24.333334	1175	9280
test.Base64	18	1t2t3f4t5t7f8f9t	19	59.333332	63.666668	5583	9280
test.Base64	18	1t2t3f4t5f6f7f8f9t	20	59.333332	64.333336	5648	9280
test.Base64	18	1t2t3f4t5f6f7t10f11f12t	21	59.333332	66.666664	7240	9280
test.Base64	18	1t2t3f4t5t7f8t10f11f12t	22	59.333332	68.666664	7256	9280
test.Base64	18	1t2t3f4t5f6f7f8t10f11f12t	23	59.333332	70.333336	7256	9280
test.Base64	18	1t2t3f4t5t7t10f11f12t	24	59.333332	78.0	7256	9280
test.Base64	18	1t2t3f4t5f6t	25	59.333332	85.666664	9280	9280
test.Base64	19	1t2f	1	54.333332	7.6666665	24	9183
test.Base64	19	1f	2	54.333332	8.0	38	9183
test.Base64	19	1t2t8t	3	54.333332	33.666668	3190	9183
test.Base64	19	1t2t8f9t10t12f13f14f	4	54.333332	35.666668	4766	9183
test.Base64	19	1t2t8f9f	5	54.333332	36.0	4778	9183
test.Base64	19	1t2t8f9t10f11f12f13f14f	6	54.333332	36.666668	4926	9183
test.Base64	19	1t2t8f9t10t12t15f16f17f	7	54.333332	37.333332	5731	9183
test.Base64	19	1t2t8f9t10t12t15t	8	54.333332	37.666668	5946	9183
test.Base64	19	1t2t8f9t10f11f12f13t15f16f17f	9	54.333332	39.333332	5968	9183
test.Base64	19	1t2t8f9t10t12f13f14t	10	54.333332	39.666668	6490	9183
test.Base64	19	1t2t8f9t10t12f13t15f16t	11	54.333332	39.666767	6496	9183
test.Base64	19	1t2t8f9t10f11f12f13t15f16t	12	54.333332	40.666668	6499	9183
test.Base64	19	1t2t8f9t10f11f12t15t	13	54.333332	41.333332	6499	9183
test.Base64	19	1t2t8f9t10f11f12t15f16f17f	14	54.333332	41.33343	6499	9183
test.Base64	19	1t2t8f9t10f11f12f13f14t	15	54.333332	41.666668	6506	9183
test.Base64	19	1t2t8f9t10t12f13t15f16f17t	16	54.333332	42.0	7578	9183
test.Base64	19	1t2t8f9t10f11t	17	54.333332	42.333332	9170	9183
test.Base64	19	1t2t8f9t10f11f12t15f16t	18	54.333332	42.33343	9170	9183
test.Base64	19	1t2t8f9t10f11f12f13t15t	19	54.333332	42.666668	9170	9183
test.Base64	19	1t2t8f9t10t12t15f16f17t	20	54.333332	43.666668	9170	9183
test.Base64	19	1t2t8f9t10f11f12f13t15f16f17t	21	54.333332	44.333332	9183	9183
test.Base64	19	1t2t8f9t10t12t15f16t	22	54.333332	44.33343	9183	9183
test.Base64	19	1t2t8f9t10t12f13t15f16f17f	23	54.333332	44.666668	9183	9183
test.Base64	19	1t2t8f9t10t12f13t15t	24	54.333332	45.0	9183	9183
test.Base64	19	1t2t8f9t10f11f12t15f16f17t	25	54.333332	46.666668	9183	9183
test.Base64	20	7f8f9t12t	1	52.333332	33.0	3276	6785
test.Base64	20	7f8f9f10f11f	2	52.333332	33.333332	3673	6785
test.Base64	20	7t9t12f13t	3	52.333332	34.0	3787	6785
test.Base64	20	7t9f10t12t	4	52.333332	34.333332	3792	6785
test.Base64	20	7t9f10f11f	5	52.333332	34.666668	3792	6785
test.Base64	20	7f8f9f10t12f13t	6	52.333332	36.333332	3796	6785
test.Base64	20	7t9t12t	7	52.333332	36.33343	3796	6785
test.Base64	20	7f8f9t12f13f14f	8	52.333332	36.33353	4212	6785
test.Base64	20	7f8t	9	52.333332	36.666668	5538	6785
test.Base64	20	7t9t12f13f14f	10	52.333332	37.0	5538	6785
test.Base64	20	7t9f10t12f13f14f	11	52.333332	37.0001	5545	6785
test.Base64	20	7t9f10f11t	12	52.333332	37.333332	5902	6785
test.Base64	20	7f8f9f10t12t	13	52.333332	37.33343	5902	6785
test.Base64	20	7f8f9f10f11t	14	52.333332	38.0	5908	6785
test.Base64	20	7t9t12f13f14t	15	52.333332	38.333332	6759	6785
test.Base64	20	7t9f10t12f13t	16	52.333332	40.0	6759	6785
test.Base64	20	7f8f9f10t12f13f14f	17	52.333332	41.0	6759	6785
test.Base64	20	7f8f9t12f13t	18	52.333332	41.333332	6759	6785
test.Base64	20	7t9f10t12f13f14t	19	52.333332	41.33343	6772	6785
test.Base64	20	7f8f9t12f13f14t	20	52.333332	41.666668	6785	6785
test.Base64	20	7f8f9f10t12f13f14t	21	52.333332	42.666668	6785	6785
test.Class11	10	1t3t40f41f42t44t46t49f50f51f	1	66.333336	16.0	444	13706
test.Class11	10	1t3t40f41t52t63f64t67t70t72f73f	2	66.333336	16.333334	635	13706
test.Class11	10	1t3t40f41t52f53t56t58t60f61f62f	3	66.333336	16.333433	903	13706
test.Class11	10	1t3t40f41t52t63t74f75t77t80t83f84f	4	66.333336	16.333532	1078	13706
test.Class11	10	1t3t40f41t52t63t74t	5	66.333336	20.0	2062	13706
test.Class11	10	1t3t40t	6	66.333336	20.0001	2062	13706
test.Class11	10	1t3t40f41t52t63t74f75t77t80t83t	7	66.333336	20.333334	2138	13706
test.Class11	10	1t3t40f41t52t63f64t67t70t72t	8	66.333336	20.666666	2214	13706
test.Class11	10	1t3t40f41t52f53t56t58t60t	9	66.333336	20.666765	2290	13706
test.Class11	10	1t3t40f41f42t44t46t49t	10	66.333336	20.666864	2366	13706
test.Class11	10	1t3t40f41f42t44t46t49f50t	11	66.333336	21.0	2404	13706
test.Class11	10	1t3t40f41t52t63t74f75t77t80t83f84t	12	66.333336	21.0001	2442	13706
test.Class11	10	1t3t40f41t52f53t56t58t60f61t	13	66.333336	21.333334	2480	13706
test.Class11	10	1t3t40f41t52t63f64t67t70t72f73t	14	66.333336	21.333433	2518	13706
test.Class11	10	1t3t40f41t52f53t56t58t60f61f62t	15	66.333336	21.333532	2670	13706
test.Class11	10	1t3t40f41t52t63f64t67t70f	16	66.333336	21.666666	2706	13706
test.Class11	10	1t3t40f41t52t63t74f75t77t80f	17	66.333336	22.0	3014	13706
test.Class11	10	1t3t40f41f42t44t46t49f50f51t	18	66.333336	22.0001	3166	13706
test.Class11	10	1t3t40f41t52f53t56t58f	19	66.333336	22.333334	3202	13706
test.Class11	10	1t3t40f41t52f53t56f	20	66.333336	22.666666	3306	13706
test.Class11	10	1t3t40f41t52t63f64t67f	21	66.333336	22.666765	3693	13706
test.Class11	10	1t3t40f41f42f	22	66.333336	23.333334	4164	13706
test.Class11	10	1t3t40f41t52f53f	23	66.333336	23.333433	4517	13706
test.Class11	10	1t3t40f41f42t44t46f	24	66.333336	23.666666	4517	13706
test.Class11	10	1t3t40f41t52t63f64f	25	66.333336	23.666765	4870	13706
test.Class11	10	1t3t40f41t52t63t74f75t77f	26	66.333336	24.666666	5282	13706
test.Class11	10	1t3t40f41t52t63t74f75f	27	66.333336	24.666765	5316	13706
test.Class11	10	1t3t40f41f42t44f	28	66.333336	25.0	5316	13706
test.Class11	10	1t3f4f	29	66.333336	48.666668	7409	13706
test.Class11	10	1t3f4t13f	30	66.333336	49.0	9503	13706
test.Class11	10	1t3f4t13t	31	66.333336	53.0	13690	13706
test.Class11	10	1f	32	66.333336	96.333336	13706	13706
test.Class11	11	1f	1	21.0	8.333333	62	4445
test.Class11	11	1t2t4t7t14t21t28t	2	21.0	18.666666	1317	4445
test.Class11	11	1t2t4f7t14t21t28t	3	21.0	18.666765	1333	4445
test.Class11	11	1t2t4t7t14t21t28f	4	21.0	21.333334	2107	4445
test.Class11	11	1t2t4t7t14f	5	21.0	21.333433	2881	4445
test.Class11	11	1t2t4t7f	6	21.0	21.333532	3655	4445
test.Class11	11	1t2t4t7t14t21f	7	21.0	21.333632	4429	4445
test.Class11	11	1t2t4f7t14t21f	8	21.0	21.33373	4429	4445
test.Class11	11	1t2t4f7t14t21t28f	9	21.0	21.666666	4429	4445
test.Class11	11	1t2t4f7f	10	21.0	21.666765	4429	4445
test.Class11	11	1t2t4f7t14f	11	21.0	22.0	4429	4445
test.Class11	11	1t2f	12	21.0	31.666666	4445	4445
test.Class11	12	1f	1	12.0	6.6666665	74	2334
test.Class11	12	1t2t6t11t18t	2	12.0	13.0	607	2334
test.Class11	12	1t2t6t11f13t18t	3	12.0	13.0001	637	2334
test.Class11	12	1t2t6t11f13t18f19t	4	12.0	14.0	953	2334
test.Class11	12	1t2t6t11f13t18f19f20f	5	12.0	14.333333	1027	2334
test.Class11	12	1t2t6t11f13t18f19f20t	6	12.0	14.333433	1044	2334
test.Class11	12	1t2t6t11t18f19t	7	12.0	14.333533	1044	2334
test.Class11	12	1t2t6t11t18f19f20t	8	12.0	14.666667	1044	2334
test.Class11	12	1t2t6t11t18f19f20f	9	12.0	14.666767	1044	2334
test.Class11	12	1t2t6t11f13f	10	12.0	18.333334	1583	2334
test.Class11	12	1t2t6f	11	12.0	20.666666	2282	2334
test.Class11	12	1t2f	12	12.0	20.666765	2334	2334
test.client	1	6t36t	1	20.666666	12.0	231	3217
test.client	1	6t36f48f	2	20.666666	15.666667	809	3217
test.client	1	6t36f48t	3	20.666666	16.333334	812	3217
test.client	1	6f14t	4	20.666666	26.333334	2781	3217
test.client	1	6f14f15t	5	20.666666	28.0	2947	3217
test.client	1	6f14f15f16t	6	20.666666	28.0001	3042	3217
test.client	1	6f14f15f16f	7	20.666666	29.666666	3217	3217
test.client	3	46t	1	621.0	700.6667	59686	66782
test.client	3	46f57t	2	621.0	705.0	66581	66782
test.client	3	46f57f	3	621.0	733.3333	66782	66782
test.client	4	1t7f9f25f	1	31.0	41.666668	3704	5310
test.client	4	1t7f9f25t	2	31.0	43.333332	4076	5310
test.client	4	1t7f9t25f	3	31.0	44.0	4458	5310
test.client	4	1t7t9f25t	4	31.0	44.333332	4836	5310
test.client	4	1t7f9t25t	5	31.0	44.33343	4854	5310
test.client	4	1t7t9f25f	6	31.0	44.666668	4866	5310
test.client	4	1f7f9f25t	7	31.0	45.0	5235	5310
test.client	4	1t7t9t25f	8	31.0	45.0001	5256	5310
test.client	4	1f7f9f25f	9	31.0	45.0002	5268	5310
test.client	4	1t7t9t25t	10	31.0	45.333332	5268	5310
test.client	4	1f7f9t25f	11	31.0	45.666668	5289	5310
test.client	4	1f7t9f25f	12	31.0	46.0	5310	5310
test.client	4	1f7t9f25t	13	31.0	46.666668	5310	5310
test.client	4	1f7f9t25t	14	31.0	47.0	5310	5310
test.client	4	1f7t9t25f	15	31.0	47.333332	5310	5310
test.client	4	1f7t9t25t	16	31.0	47.666668	5310	5310
test.client	6	7t	1	34.666668	35.666668	1815	2939
test.client	6	7f	2	34.666668	36.333332	2939	2939
test.client	7	1f2t	1	7.6666665	7.0	102	1070
test.client	7	1t	2	7.6666665	7.0001	102	1070
test.client	7	1f2f3t	3	7.6666665	7.3333335	114	1070
test.client	7	1f2f3f4t	4	7.6666665	8.0	126	1070
test.client	7	1f2f3f4f6f	5	7.6666665	14.333333	1070	1070
test.client	7	1f2f3f4f6t	6	7.6666665	14.333433	1070	1070
test.GeoEngine	2	1f	1	15.0	7.3333335	104	2355
test.GeoEngine	2	1t7t	2	15.0	19.333334	1655	2355
test.GeoEngine	2	1t7f	3	15.0	20.333334	2355	2355
test.GeoEngine	6	1f2f	1	16.666666	9.0	226	2693
test.GeoEngine	6	1t2f	2	16.666666	9.0001	296	2693
test.GeoEngine	6	1t2t3f	3	16.666666	10.0	372	2693
test.GeoEngine	6	1f2t3f	4	16.666666	10.0001	380	2693
test.GeoEngine	6	1t2t3t4f	5	16.666666	12.333333	889	2693
test.GeoEngine	6	1f2t3t4f	6	16.666666	12.333433	927	2693
test.GeoEngine	6	1f2t3t4t8f	7	16.666666	14.0	1433	2693
test.GeoEngine	6	1t2t3t4t8f	8	16.666666	14.666667	1493	2693
test.GeoEngine	6	1f2t3t4t8t	9	16.666666	22.0	2615	2693
test.GeoEngine	6	1t2t3t4t8t	10	16.666666	22.333334	2693	2693
test.GeoEngine	7	1f	1	15.666667	8.333333	134	3054
test.GeoEngine	7	1t2f3f	2	15.666667	11.666667	474	3054
test.GeoEngine	7	1t2f3t	3	15.666667	12.0	588	3054
test.GeoEngine	7	1t2t5t	4	15.666667	13.0	892	3054
test.GeoEngine	7	1t2t5f6f	5	15.666667	13.0001	915	3054
test.GeoEngine	7	1t2t5f6t10f	6	15.666667	21.666666	2111	3054
test.GeoEngine	7	1t2t5f6t10t11f	7	15.666667	22.333334	2242	3054
test.GeoEngine	7	1t2t5f6t10t11t12t	8	15.666667	23.0	2330	3054
test.GeoEngine	7	1t2t5f6t10t11t12f13t	9	15.666667	24.0	2559	3054
test.GeoEngine	7	1t2t5f6t10t11t12f13f14t15t	10	15.666667	24.0001	2852	3054
test.GeoEngine	7	1t2t5f6t10t11t12f13f14f	11	15.666667	24.000198	2901	3054
test.GeoEngine	7	1t2t5f6t10t11t12f13f14t15f	12	15.666667	25.0	3054	3054
test.GeoEngine	8	1f	1	11.0	7.3333335	104	1471
test.GeoEngine	8	1t2f	2	11.0	9.666667	312	1471
test.GeoEngine	8	1t2t5f	3	11.0	12.0	639	1471
test.GeoEngine	8	1t2t5t	4	11.0	19.666666	1471	1471
test.GeoEngine	9	1t2t4f5f	1	4.6666665	4.3333335	42	141
test.GeoEngine	9	1t2t4t6f7t8t	2	4.6666665	5.0	70	141
test.GeoEngine	9	1t2f3t4t6t8f9f	3	4.6666665	5.0001	104	141
test.GeoEngine	9	1f	4	4.6666665	5.0002003	109	141
test.GeoEngine	9	1t2t4t6t8t	5	4.6666665	5.3333335	109	141
test.GeoEngine	9	1t2t4f5t6t8f9t	6	4.6666665	5.3334336	115	141
test.GeoEngine	9	1t2t4t6f7t8f9t	7	4.6666665	5.333534	117	141
test.GeoEngine	9	1t2f3t4f5t6t8t	8	4.6666665	5.333634	120	141
test.GeoEngine	9	1t2f3f	9	4.6666665	5.333734	126	141
test.GeoEngine	9	1t2t4t6f7f	10	4.6666665	5.333834	132	141
test.GeoEngine	9	1t2f3t4t6f7t8t	11	4.6666665	5.3339343	134	141
test.GeoEngine	9	1t2f3t4t6t8f9t	12	4.6666665	5.6666665	134	141
test.GeoEngine	9	1t2t4f5t6f7t8f9t	13	4.6666665	5.6667666	136	141
test.GeoEngine	9	1t2f3t4f5t6f7t8t	14	4.6666665	5.666867	136	141
test.GeoEngine	9	1t2t4t6f7t8f9f	15	4.6666665	6.0	137	141
test.GeoEngine	9	1t2f3t4t6f7f	16	4.6666665	6.0001	138	141
test.GeoEngine	9	1t2t4f5t6t8t	17	4.6666665	6.0002003	138	141
test.GeoEngine	9	1t2f3t4t6t8t	18	4.6666665	6.0003004	138	141
test.GeoEngine	9	1t2t4t6t8f9f	19	4.6666665	6.0004005	138	141
test.GeoEngine	9	1t2f3t4f5t6t8f9t	20	4.6666665	6.0005007	138	141
test.GeoEngine	9	1t2t4t6t8f9t	21	4.6666665	6.3333335	138	141
test.GeoEngine	9	1t2t4f5t6t8f9f	22	4.6666665	6.3334336	139	141
test.GeoEngine	9	1t2t4f5t6f7f	23	4.6666665	6.333534	140	141
test.GeoEngine	9	1t2f3t4f5t6f7f	24	4.6666665	6.333634	140	141
test.GeoEngine	9	1t2f3t4t6f7t8f9t	25	4.6666665	6.333734	140	141
test.GeoEngine	9	1t2f3t4f5f	26	4.6666665	6.333834	141	141
test.GeoEngine	9	1t2t4f5t6f7t8f9f	27	4.6666665	6.3339343	141	141
test.GeoEngine	9	1t2f3t4t6f7t8f9f	28	4.6666665	6.6666665	141	141
test.GeoEngine	9	1t2f3t4f5t6t8f9f	29	4.6666665	6.6667666	141	141
test.GeoEngine	9	1t2f3t4f5t6f7t8f9t	30	4.6666665	7.0	141	141
test.GeoEngine	9	1t2f3t4f5t6f7t8f9f	31	4.6666665	7.0001	141	141
test.GeoEngine	9	1t2t4f5t6f7t8t	32	4.6666665	7.3333335	141	141
test.FastBlurFilter	3	2t	1	74.666664	97.333336	8340	8642
test.FastBlurFilter	3	2f	2	74.666664	102.0	8642	8642
test.InfTree	2	2f	1	186.66667	16.666666	385	27732
test.InfTree	2	2t11f	2	186.66667	25.666666	1624	27732
test.InfTree	2	2t11t	3	186.66667	255.66667	27732	27732
test.ImageData	2	5f	1	11.0	11.0	365	2256
test.ImageData	2	5t7t8t10t11t12t13t	2	11.0	11.0001	475	2256
test.ImageData	2	5t7t8f	3	11.0	11.0002	677	2256
test.ImageData	2	5t7t8t10f	4	11.0	11.0003	764	2256
test.ImageData	2	5t7f	5	11.0	11.666667	1023	2256
test.ImageData	2	5t7t8t10t11f	6	11.0	12.0	1257	2256
test.ImageData	2	5t7t8t10t11t12f	7	11.0	13.0	1656	2256
test.ImageData	2	5t7t8t10t11t12t13f	8	11.0	14.0	2256	2256
test.ImageData	3	7f	1	63.666668	13.666667	272	5303
test.ImageData	3	7t8t15t20t27t	2	63.666668	15.0	511	5303
test.ImageData	3	7t8t15t20t27f	3	63.666668	19.666666	965	5303
test.ImageData	3	7t8f	4	63.666668	38.666668	2113	5303
test.ImageData	3	7t8t15t20f	5	63.666668	38.666767	4043	5303
test.ImageData	3	7t8t15f	6	63.666668	39.333332	5303	5303
test.ImageData	4	7f	1	76.333336	15.666667	272	8599
test.ImageData	4	7t8t15t20t27t30t33t36t	2	76.333336	17.333334	544	8599
test.ImageData	4	7t8t15t20t27f	3	76.333336	20.666666	1020	8599
test.ImageData	4	7t8t15t20t27t30f	4	76.333336	23.666666	1823	8599
test.ImageData	4	7t8t15t20t27t30t33f	5	76.333336	25.666666	2986	8599
test.ImageData	4	7t8t15t20t27t30t33t36f	6	76.333336	31.0	4639	8599
test.ImageData	4	7t8t15f	7	76.333336	34.333332	5864	8599
test.ImageData	4	7t8t15t20f	8	76.333336	36.666668	7486	8599
test.ImageData	4	7t8f	9	76.333336	39.333332	8599	8599
test.ImageData	6	7f	1	4.0	8.0	178	329
test.ImageData	6	7t	2	4.0	9.666667	329	329
test.ImageData	7	5t7t8t10f	1	13.666667	12.0	302	3083
test.ImageData	7	5t7t8t10t11t12t13t	2	13.666667	12.666667	382	3083
test.ImageData	7	5f6t	3	13.666667	12.666767	703	3083
test.ImageData	7	5t7t8f9f	4	13.666667	12.666867	1017	3083
test.ImageData	7	5f6f	5	13.666667	13.0	1139	3083
test.ImageData	7	5t7t8f9t	6	13.666667	13.0001	1310	3083
test.ImageData	7	5t7t8t10t11f	7	13.666667	13.333333	1577	3083
test.ImageData	7	5t7f	8	13.666667	13.333433	2026	3083
test.ImageData	7	5t7t8t10t11t12f	9	13.666667	14.333333	2457	3083
test.ImageData	7	5t7t8t10t11t12t13f	10	13.666667	15.0	3083	3083
test.ImageData	8	7f	1	67.666664	13.666667	272	5606
test.ImageData	8	7t8t13t17t24t	2	67.666664	14.333333	484	5606
test.ImageData	8	7t8t13t17t24f	3	67.666664	19.666666	1002	5606
test.ImageData	8	7t8t13t17f	4	67.666664	36.333332	2790	5606
test.ImageData	8	7t8t13f	5	67.666664	36.33343	4126	5606
test.ImageData	8	7t8f	6	67.666664	40.666668	5606	5606
test.ImageData	9	7f	1	76.333336	16.0	272	9248
test.ImageData	9	7t8t13t17t24t27t30t33t	2	76.333336	17.333334	544	9248
test.ImageData	9	7t8t13t17t24f	3	76.333336	21.333334	1062	9248
test.ImageData	9	7t8t13t17t24t27f	4	76.333336	24.0	1898	9248
test.ImageData	9	7t8t13t17t24t27t30f	5	76.333336	26.0	3072	9248
test.ImageData	9	7t8t13t17t24t27t30t33f	6	76.333336	29.0	4644	9248
test.ImageData	9	7t8t13f	7	76.333336	38.333332	5980	9248
test.ImageData	9	7t8t13t17f	8	76.333336	40.0	7768	9248
test.ImageData	9	7t8f	9	76.333336	42.333332	9248	9248
test.ImageData	11	1f	1	9.666667	9.333333	388	1223
test.ImageData	11	1t	2	9.666667	16.333334	1223	1223
test.ImageData	13	1f2f3f	1	1196.3334	20.666666	555	266751
test.ImageData	13	1f2t	2	1196.3334	21.0	555	266751
test.ImageData	13	1t	3	1196.3334	22.0	555	266751
test.ImageData	13	1f2f3t	4	1196.3334	1549.0	266751	266751
test.ImageData	14	1t	1	976.3333	22.333334	495	221654
test.ImageData	14	1f2f3f	2	976.3333	23.666666	555	221654
test.ImageData	14	1f2t	3	976.3333	25.0	555	221654
test.ImageData	14	1f2f3t34f35t38t	4	976.3333	270.33334	53018	221654
test.ImageData	14	1f2f3t34f35f36f38t	5	976.3333	326.0	53127	221654
test.ImageData	14	1f2f3t34f35f36f38f	6	976.3333	585.3333	83121	221654
test.ImageData	14	1f2f3t34f35t38f	7	976.3333	596.6667	83121	221654
test.ImageData	14	1f2f3t34f35f36t	8	976.3333	989.3333	221654	221654
test.ImageData	14	1f2f3t34t	9	976.3333	1109.6666	221654	221654
test.ImageData	15	1t	1	844.6667	19.0	495	151468
test.ImageData	15	1f2f3f	2	844.6667	19.0001	555	151468
test.ImageData	15	1f2t	3	844.6667	19.333334	555	151468
test.ImageData	15	1f2f3t	4	844.6667	971.3333	151468	151468
test.ImageData	16	1f2t	1	1050.3334	20.333334	525	229356
test.ImageData	16	1t	2	1050.3334	20.666666	525	229356
test.ImageData	16	1f2f3f	3	1050.3334	21.0	555	229356
test.ImageData	16	1f2f3t	4	1050.3334	1337.0	229356	229356
test.ImageData	20	1t	1	6.0	9.666667	270	438
test.ImageData	20	1f	2	6.0	10.0	438	438
test.ImageData	21	1f	1	18.0	19.0	869	1558
test.ImageData	21	1t	2	18.0	19.666666	1558	1558
test.QRCodeDataBlockReader	0	1f	1	4.6666665	8.333333	233	289
test.QRCodeDataBlockReader	0	1t3t	2	4.6666665	9.0	273	289
test.QRCodeDataBlockReader	0	1t3f	3	4.6666665	9.0001	289	289
test.QRCodeDataBlockReader	1	1t3t6t	1	13.666667	7.6666665	101	2437
test.QRCodeDataBlockReader	1	1f	2	13.666667	10.333333	312	2437
test.QRCodeDataBlockReader	1	1t3f	3	13.666667	13.0	796	2437
test.QRCodeDataBlockReader	1	1t3t6f	4	13.666667	19.0	2437	2437
test.StructurePanel	1	1t5t7t	1	14.0	9.666667	169	2726
test.StructurePanel	1	1f2t4t	2	14.0	10.666667	318	2726
test.StructurePanel	1	1f2f3t	3	14.0	12.666667	701	2726
test.StructurePanel	1	1t5f6t	4	14.0	12.666767	1083	2726
test.StructurePanel	1	1t5t7f	5	14.0	13.0	1489	2726
test.StructurePanel	1	1f2t4f	6	14.0	13.0001	1962	2726
test.StructurePanel	1	1t5f6f	7	14.0	13.0002	2368	2726
test.StructurePanel	1	1f2f3f	8	14.0	13.333333	2726	2726
test.TileRenderor	5	1f2t13f14t15t16t17t18t	1	26.666666	18.0	1169	11834
test.TileRenderor	5	1f2t13f14t15t16f	2	26.666666	18.0001	1425	11834
test.TileRenderor	5	1f2t13t21t22t23f	3	26.666666	19.0	2343	11834
test.TileRenderor	5	1f2t13f14f	4	26.666666	19.333334	2600	11834
test.TileRenderor	5	1f2t13f14t15f	5	26.666666	19.333433	2857	11834
test.TileRenderor	5	1f2t13f14t15t16t17t18f	6	26.666666	19.333532	3114	11834
test.TileRenderor	5	1f2t13f14t15t16t17f	7	26.666666	19.666666	3371	11834
test.TileRenderor	5	1f2t13t21t22f	8	26.666666	19.666765	3431	11834
test.TileRenderor	5	1f2t13t21f	9	26.666666	20.0	3491	11834
test.TileRenderor	5	1f2t13t21t22t23t	10	26.666666	20.666666	3711	11834
test.TileRenderor	5	1t3f4f	11	26.666666	23.333334	6972	11834
test.TileRenderor	5	1t3f4t6f	12	26.666666	24.666666	9429	11834
test.TileRenderor	5	1t3t	13	26.666666	26.333334	9429	11834
test.TileRenderor	5	1f2f3f4f	14	26.666666	26.666666	9429	11834
test.TileRenderor	5	1f2f3t	15	26.666666	26.666765	9429	11834
test.TileRenderor	5	1f2f3f4t6f	16	26.666666	27.0	9429	11834
test.TileRenderor	5	1t3f4t6t	17	26.666666	36.333332	11834	11834
test.TileRenderor	5	1f2f3f4t6t	18	26.666666	37.333332	11834	11834
test.TileRenderor	6	22t23f	1	1610.3334	223.0	69185	542161
test.TileRenderor	6	22t23t24t25f26t34t38t39f40f	2	1610.3334	256.66666	89824	542161
test.TileRenderor	6	22f	3	1610.3334	257.0	92027	542161
test.TileRenderor	6	22t23t24t25f26t34t38t39f40t41t42f	4	1610.3334	261.0	99468	542161
test.TileRenderor	6	22t23t24t25f26t34t38t39f40t41t42t43f	5	1610.3334	270.33334	106660	542161
test.TileRenderor	6	22t23t24f	6	1610.3334	276.66666	111673	542161
test.TileRenderor	6	22t23t24t25f26t34t38t39f40t41f	7	1610.3334	278.33334	118615	542161
test.TileRenderor	6	22t23t24t25f26f	8	1610.3334	517.0	166736	542161
test.TileRenderor	6	22t23t24t25f26t34t38t39f40t41t42t43t	9	1610.3334	524.3333	180853	542161
test.TileRenderor	6	22t23t24t25f26t34f	10	1610.3334	527.6667	207365	542161
test.TileRenderor	6	22t23t24t25f26t34t38t39t46f	11	1610.3334	553.3333	331958	542161
test.TileRenderor	6	22t23t24t25f26t34t38t39t46t53f	12	1610.3334	554.3333	396315	542161
test.TileRenderor	6	22t23t24t25f26t34t38f	13	1610.3334	585.3333	422727	542161
test.TileRenderor	6	22t23t24t25t	14	1610.3334	589.0	422727	542161
test.TileRenderor	6	22t23t24t25f26t34t38t39t46t53t	15	1610.3334	625.3333	542161	542161
test.TIFFFaxDecoder	9	1f2f3f4f	1	4.6666665	4.6666665	36	295
test.TIFFFaxDecoder	9	1t6t12t	2	4.6666665	5.0	63	295
test.TIFFFaxDecoder	9	1f2f3t5t12t	3	4.6666665	5.0001	71	295
test.TIFFFaxDecoder	9	1f2f3t5t12f	4	4.6666665	5.0002003	76	295
test.TIFFFaxDecoder	9	1t6t12f	5	4.6666665	5.0003004	77	295
test.TIFFFaxDecoder	9	1f2f3t5f	6	4.6666665	5.3333335	91	295
test.TIFFFaxDecoder	9	1f2t5t12t	7	4.6666665	5.3334336	91	295
test.TIFFFaxDecoder	9	1f2f3f4t5f	8	4.6666665	5.333534	95	295
test.TIFFFaxDecoder	9	1f2f3f4t5t12f	9	4.6666665	5.333634	98	295
test.TIFFFaxDecoder	9	1f2t5t12f	10	4.6666665	5.333734	98	295
test.TIFFFaxDecoder	9	1t6f7f	11	4.6666665	5.333834	143	295
test.TIFFFaxDecoder	9	1f2t5f	12	4.6666665	5.3339343	143	295
test.TIFFFaxDecoder	9	1f2f3f4t5t12t	13	4.6666665	6.0	145	295
test.TIFFFaxDecoder	9	1t6f7t8f9f	14	4.6666665	6.0001	193	295
test.TIFFFaxDecoder	9	1t6f7t8t12f	15	4.6666665	7.6666665	273	295
test.TIFFFaxDecoder	9	1t6f7t8f9t12t	16	4.6666665	8.0	294	295
test.TIFFFaxDecoder	9	1t6f7t8t12t	17	4.6666665	8.0001	294	295
test.TIFFFaxDecoder	9	1t6f7t8f9t12f	18	4.6666665	8.333333	295	295
test.TIFFFaxDecoder	10	1t2t	1	4.3333335	9.333333	248	311
test.TIFFFaxDecoder	10	1f2f	2	4.3333335	9.333433	310	311
test.TIFFFaxDecoder	10	1f2t	3	4.3333335	9.666667	311	311
test.TIFFFaxDecoder	10	1t2f	4	4.3333335	9.666767	311	311
test.TIFFFaxDecoder	11	1t4t	1	13.0	7.0	69	3114
test.TIFFFaxDecoder	11	1f2f8t9t	2	13.0	13.0	649	3114
test.TIFFFaxDecoder	11	1f2t3f8t9t	3	13.0	13.0001	806	3114
test.TIFFFaxDecoder	11	1f2f8t9f	4	13.0	13.0002	955	3114
test.TIFFFaxDecoder	11	1f2t3t8t9t	5	13.0	13.333333	1150	3114
test.TIFFFaxDecoder	11	1t4f5f8t9t	6	13.0	13.333433	1385	3114
test.TIFFFaxDecoder	11	1f2t3f8t9f	7	13.0	13.666667	1400	3114
test.TIFFFaxDecoder	11	1f2f8f	8	13.0	14.0	1810	3114
test.TIFFFaxDecoder	11	1t4f5f8t9f	9	13.0	14.0001	1835	3114
test.TIFFFaxDecoder	11	1f2t3t8t9f	10	13.0	14.666667	1855	3114
test.TIFFFaxDecoder	11	1f2t3f8f	11	13.0	14.666767	1891	3114
test.TIFFFaxDecoder	11	1t4f5t6f8t9t	12	13.0	14.666867	2214	3114
test.TIFFFaxDecoder	11	1t4f5t6t8t9t	13	13.0	15.0	2734	3114
test.TIFFFaxDecoder	11	1t4f5f8f	14	13.0	15.333333	2794	3114
test.TIFFFaxDecoder	11	1t4f5t6f8t9f	15	13.0	15.666667	2824	3114
test.TIFFFaxDecoder	11	1f2t3t8f	16	13.0	16.0	2872	3114
test.TIFFFaxDecoder	11	1t4f5t6f8f	17	13.0	16.0001	2944	3114
test.TIFFFaxDecoder	11	1t4f5t6t8t9f	18	13.0	16.000198	2994	3114
test.TIFFFaxDecoder	11	1t4f5t6t8f	19	13.0	17.0	3114	3114
test.TIFFFaxDecoder	12	1t3t	1	8.0	6.3333335	69	1455
test.TIFFFaxDecoder	12	1f2f5f	2	8.0	10.0	465	1455
test.TIFFFaxDecoder	12	1f2t5t	3	8.0	10.666667	875	1455
test.TIFFFaxDecoder	12	1f2f5t	4	8.0	10.666767	875	1455
test.TIFFFaxDecoder	12	1t3f4f5f	5	8.0	11.333333	1065	1455
test.TIFFFaxDecoder	12	1f2t5f	6	8.0	11.333433	1093	1455
test.TIFFFaxDecoder	12	1t3f4f5t	7	8.0	11.666667	1168	1455
test.TIFFFaxDecoder	12	1t3f4t5f	8	8.0	12.333333	1380	1455
test.TIFFFaxDecoder	12	1t3f4t5t	9	8.0	12.666667	1455	1455
test.TIFFFaxDecoder	13	1t	1	2.3333333	3.6666667	18	56
test.TIFFFaxDecoder	13	1f	2	2.3333333	4.0	56	56
test.TIFFFaxEncoder	2	1f	1	9.333333	5.0	20	1296
test.TIFFFaxEncoder	2	1t2t5f6f	2	9.333333	10.0	389	1296
test.TIFFFaxEncoder	2	1t2t5f6t	3	9.333333	10.0001	412	1296
test.TIFFFaxEncoder	2	1t2f10f	4	9.333333	11.666667	864	1296
test.TIFFFaxEncoder	2	1t2t5t10f	5	9.333333	12.666667	1266	1296
test.TIFFFaxEncoder	2	1t2f10t	6	9.333333	12.666767	1291	1296
test.TIFFFaxEncoder	2	1t2t5t10t	7	9.333333	13.0	1296	1296
test.TIFFFaxEncoder	6	2f3f	1	6.0	10.666667	389	536
test.TIFFFaxEncoder	6	2f3t4t	2	6.0	11.0	497	536
test.TIFFFaxEncoder	6	2f3t4f	3	6.0	11.0001	524	536
test.TIFFFaxEncoder	6	2t3f	4	6.0	11.333333	536	536
test.TIFFFaxEncoder	6	2t3t4t	5	6.0	11.333433	536	536
test.TIFFFaxEncoder	6	2t3t4f	6	6.0	12.0	536	536
test.TIFFFaxEncoder	8	1t	1	6.0	12.333333	458	529
test.TIFFFaxEncoder	8	1f	2	6.0	12.333433	529	529
